C    66511    186464    179949   20
C    66512    186050    179771   20
C    66513    185199    180096   20
C    66514    185786    179091   20
C    66515    185132    178923   20
C    66516    186797    180286   20
C    66517    187224    178470   20
C    66518    187224    178470   20
C    66522    187835    179605   20
C    68028    187184    171834   20
C    68068    195380    178690   20
C    68069    180738    175128   20
C    68071    189524    179220   20
C    68072    184387    181568   20
C    68073    191446    182451   20
C    68074    180946    186101   20
C    68080    176853    181730   20
C    68130    186174    177172   20
C    68131    183732    178658   20
C    68174    187184    171834   20
C    68175    176071    172022   20
C    68190    197851    177489   20
C    68191    180099    180442   20
C    68192    189552    186282   20
C    68193    184503    187087   20
C    70000    187083    178302   20
C    70001    187501    178054   20
C    70002    187083    178302   20
C    70003    187344    178154   20
C    70004    187083    178302   20
C    70005    186459    178701   20
C    70006    186671    178832   20
C    70007    186482    178985   20
C    70008    185218    178730   20
C    70009    185336    179819   20
C    70010    185501    179692   20
C    70011    185866    179490   20
C    70012    185866    179490   20
C    70013    185866    179490   20
C    70014    185459    178855   20
C    70015    186122    178543   20
C    70016    185844    178937   20
C    70017    186122    178543   20
C    70018    185005    179362   20
C    70019    186206    178968   20
C    70020    186206    178968   20
C    70021    185005    179362   20
C    70022    185794    179860   20
C    70023    186094    179888   20
C    70024    186336    180434   20
C    70025    186462    180323   20
C    70026    186342    180235   20
C    70027    186797    180286   20
C    70028    186342    180235   20
C    70029    186950    179708   20
C    70030    186908    179483   20
C    70031    187133    179411   20
C    70032    186956    180166   20
C    70033    187042    179817   20
C    70034    187042    179817   20
C    70035    187138    179251   20
C    70036    186848    178885   20
C    70037    186921    179163   20
C    70038    186926    178996   20
C    70039    186761    179105   20
C    70040    186146    179504   20
C    70041    186403    179537   20
C    70042    186444    179241   20
C    70043    186426    179377   20
C    70044    186674    179844   20
C    70045    186305    179889   20
C    70046    186370    179719   20
C    70047    186403    179537   20
C    70048    186676    179344   20
C    70049    186664    179697   20
C    70050    186716    180022   20
C    70051    186456    179116   20
C    70053    185938    179401   20
C    95101    183153    192502   20
C    95102    191161    192943   20
C    95103    197434    188030   20
C    95104    203766    181691   20
C    95105    203871    181700   20
C    95106    202835    180938   20
C    95107    196512    172260   20
C    95108    191967    160387   20
C    95109    174353    170833   20
C    95110    172781    167567   20
C    95111    172761    167566   20
C    95112    173176    180917   20
     50000    184979    178728
     50001    185001    178701
     50002    185207    178811
     50003    185173    178895
     50004    185260    178703
     50005    185196    179956
     50006    185233    180059
     50007    185371    179783
     50008    185536    179656
     50009    185825    179821
     50010    186003    179524
     50011    185899    179453
     50012    186090    179422
     50013    185881    178904
     50014    185823    179057
     50015    185499    178825
     50016    186290    178511
     50017    186160    178511
     50018    185925    179594
     50019    186588    179555
     50020    186099    179782
     50021    186080    179731
     50022    186123    179847
     50023    186397    179677
     50024    186665    179844
     50025    186697    179800
     50026    186733    180134
     50027    186817    180240
     50028    187165    179301
     50029    187159    179206
     50030    186946    179120
     50031    187844    179556
     50032    187250    178428
     50033    187536    178105
     50034    187527    178011
     50035    187372    178113
     50036    187130    178359
     50037    187114    178263
     50038    187153    179366
     50039    186823    178854
     50040    186876    178844
     50041    186884    178929
     50042    186952    178954
     50043    186833    179124
     50044    186641    179043
     50045    186539    179169
     50046    186360    180390
     50047    186266    180124
     50048    186367    180192
     50049    186582    180336
     50050    186485    180279
     50051    186738    179977
     50052    186417    179867
     50053    186332    179847
     50054    186464    179263
     50055    186455    179336
     50056    186474    179201
     50057    186216    179201
     50058    186243    179135
     50059    186406    178883
     50060    186299    179019
     50061    186192    179117
     50062    186227    178989
     50063    186240    178932
     50064    186326    178644
     50065    186764    178890
     50066    186676    178837
     50067    186702    178793
     50068    186465    178716
     50069    186493    178665
     50070    186513    178946
     50071    186445    179031
     50072    186487    179077
     50073    186177    179465
     50074    185971    179364
     50075    186427    179539
     50076    186431    179496
     50077    186870    179464
     50078    186931    179439
     50079    186867    179646
     50080    186971    179663
     50081    186806    180018
     50082    186905    180053
     50083    187016    179841
     50084    187061    179771
     50086    186975    180120
     50087    186616    179595
     50088    186688    179654
     50089    186489    179906
     50090    186722    179220
     50091    186781    179102
     50092    186788    179063
     50093    186600    179400
     50094    186664    179270
     50095    186703    179302
     50096    184946    179384
     50097    185044    179331
     50098    187807    178071
     50099    186536    179664
     50101    203719    181676
     50106    185407    179890
     50202    203824    181685
     66560    186180    178206
     66561    186824    178862
     66562    186803    178859
     66563    186155    179117
     66564    186201    179205
     66565    187414    178184
     66567    186149    179100
     66568    186399    179155
     66569    186559    179279
     66571    186633    179249
     66572    186376    180680
     66573    186402    180697
     66574    186204    179225
     66575    185643    179752
     66576    186846    179773
     66578    186960    179274
     66579    186769    179274
     66580    188176    179345
     66581    188201    179397
     66582    188111    179361
     66612    187749    179433
     66620    186822    179356
     66622    186612    179081
     66623    186915    179196
     66624    187109    178401
     66625    186821    178844
     66626    186490    178993
     66644    186410    180656
     66655    186708    179199
     66656    185857    178973
     66658    185429    178867
     66660    186516    180440
     66711    186172    179109
     66712    186222    179218
     66739    188382    179292
     66750    186821    179958
     66751    185983    180766
     66752    186495    179729
     68366    183155    176923
     68445    197649    177675
     68446    187112    171795
     68447    187128    171855
     68448    186117    177032
     68449    187212    171838
     68450    193916    175208
     68451    184183    178249
     68452    184503    180024
     68453    184522    180043
     68454    181031    180850
     68455    184707    180428
     68456    184732    180431
     68457    184734    180405
     68458    186849    181445
     68461    188251    184992
     68502    184151    171780
     68503    180136    180855
     69126    196468    172284
     69127    193942    175190
     69140    184237    171483
     69142    176389    171756
     69154    192849    175647
     69155    194975    175768
     69161    186098    177102
     69177    192028    178662
     69184    197381    177547
     69186    197259    177581
     69195    173225    180904
     69209    176916    181585
     69211    176876    181571
     69220    184538    180021
     69235    185091    179989
     69237    184212    181409
     69238    186823    181335
     69241    191090    182755
     69245    182476    184091
     69246    182633    184355
     69248    186886    181403
     69249    187437    182969
     69251    184009    186789
     69255    188982    186508
     69268    197403    187991
     69273    191153    192894
     69461    183169    192455
     69467    181425    186001
     69469    181289    185198
     69528    195210    178282
     69580    191957    160436
     69732    180630    175344
     69810    184519    180009
     69811    184714    180402
     69812    184180    178217
     69813    184757    180453
     70037    189509    187116
     70076    174400    170853
     70084    183086    177300
     70085    183104    177354
     70086    183156    177397
     70087    183279    177033
     70088    183196    176952
     70089    183195    176963
     70090    183228    176992
     70091    183137    177302
     70092    183252    177269
     70097    189132    177649
     70098    189130    177671
     70099    189109    177654
     70100    189108    177665
     70101    189719    177600
     70102    189536    177394
     70103    189507    177410
     70104    189530    177417
     70105    189972    177856
     70107    182764    177116
     70143    172805    167592
     70184    191955    178879
     70185    191979    178779
     70186    192001    178673
     70187    192009    178686
     70188    192303    178838
     70206    182618    177105
     70207    188783    177511
     70209    183860    177087
     70243    191576    178602
     70589    202788    180924
     70890    184214    178245
     71023    183141    177334
     71024    183139    177340
     71025    183257    176975
     71026    183211    176929
     71027    183256    176941
     71033    183810    177102
     71034    189363    177775
     71035    189542    177655
     71036    183209    177298
     71056    172825    167593
     71066    192028    178684
     71067    191691    178630
     71068    190005    177862
     71092    192375    178854
     71162    184032    171473
     71166    179887    180864
     71262    186279    176594
     71263    183964    178698
     75000    189490    179046
     75005    187196    171883
     75006    195332    178677
     75007    180787    175138
     75008    189503    179175
     75009    184419    181529
     75010    191423    182408
     75011    180977    186062
     75012    176899    181710
     75013    186223    177161
     75014    183778    178639
     75015    176118    172040
     75016    197802    177485
     75017    180145    180422
     75018    189546    186233
     75019    184521    187041