20800    3    1
     20706*   1   30   53 1300  1 1 1900  1 1 
     20801*   1   30   72 3000G 1 1 3000G 1 1FLAREX 5
     20815*   1   30  415 1900  1 1 3000X 1 1
20812    3    1
     20728    1   50   88 1900  1 1 3000X 1 1
     20727    1   50   87 1300  1 1 1900  1 1
     20813    1   50   66 3000G 1 1 3000G 1 1
20824    3    1
     20818*   1   50  114 1300  1 1 1900  1 1
     20823*   1   30   88  650G 1 1  750G 1 1
     20727*   1   50  135 1900  1 1 1200X 1 1
20818    4    1
     20702    2   50   65 1300  1 1 1900  1 1 1200x 2 2
     20822*   1   30   89  650G 1 1 1900G 1 1  750G 1 1
     20824*   1   50  114 1300  1 1 1900  1 1 1200X 1 1
     20820*   1   30  106  650G 1 1 1900G 1 1  750G 1 1  
