50000    3    1    0    0
     71263*   1   54 1015  750G 1 1  650G 1 1
             54   35 1328           1.53   61
     50096*   1   54  657 1900  1 1 1200X 1 1
             54   35 1328           1.53   61
     50001    1   50   35 1300  1 1 1900  1 1
50001    3    1    0    0
     50000    1   50   35  750G 1 1  650G 1 1
     50002*  1F   65  234 1900  1 1 1200X 1 1
TX  2.00     65   25 1680           2.63   41     FX  4.00
     70890*   1   65  910 1300  1 1 1900  1 1
             65   25 1680           2.63   41
50002    4    5    0  750
     50003    1   50  100  750  1 1  750  1 1  750  1 1
     66658*   1   65  229  750  1 1  750  1 1  750  1 1
             65   25 1680           2.63   41
     50004    1   50  100  750  1 1  750  1 1  750  1 1
     50001*   1   65  234  750  1 1  750  1 1  750  1 1
             65   25 1680           2.63   41
50003    1    0    0    0         1
     50002    1   50  100
50004    1    0    0    0         1
     50002    1   50  100
50005    3    1    0    0
     50006    1   50  100  750G 1 1  650G 1 1
     50106*   1   48  221 1900  1 1 1200X 1 1
             48   30  896           2.22   21
     69235*   1   48  110 1300  1 1 1900  1 1
             48   30  896           2.22   21
50006    1    0    0    0         1
     50005    1   50  100
50007    1    0    0    0         1
     50106    1   50  100
50008    1    0    0    0         1
     66575    1   50  100
50009    1    0    0    0         1
     66575    1   50  100
50010    3    1    0    0
     50011    1   50  100  750G 1 1  650G 1 1
     50018*   1   48  105 1900  1 1 1200X 1 1
             48   30  896           2.22   21
     50012*   1   48  134 1300  1 1 1900  1 1
             48   30  896           2.22   21
50011    1    0    0    0         1
     50010    1   50  100
50012    4    3    2    0   90   90
     50073    1   50   97 1300  1 1 1900  1 1 1600X 1 1
     66574*   1   48  228 1300  1 1 1900  1 1 1600X 1 1
             48   30  896           2.22   21
     50074    1   50  132 1300  1 1 1900  1 1 1600X 1 1
     50010*   1   48  134 1300  1 1 1900  1 1 1600X 1 1
             48   30  896           2.22   21
             40    5   1266574500746657450010665745007350010500735001066574
                         5001050074
             40    5   1250073665745007350074500735001050074500105007450073
                         5007466574
50013    1    0    0    0         1
     66656    1   50  100
50014    1    0    0    0         1
     66656    1   50  100
50015    1    0    0    0         1
     66658    1   50  100
50016    3    1    0    0
     50017    1   50  100  750G 1 1  650G 1 1
     50064*   1   48  138 1900  1 1 1200X 1 1
             48   30  896           2.22   21
     66560*   1   48  324 1300  1 1 1900  1 1
             48   30  896           2.22   21
50017    1    0    0    0         1
     50016    1   50  100
50018    3    1    0    0
     50020    1   20  256  750G 1 1  650G 1 1
     50010*   1   48  105 1900  1 1 1200X 1 1
             48   30  896           2.22   21
     66575*   1   48  323 1300  1 1 1900  1 1
             48   30  896           2.22   21
50019    3    1    0    0
     50075    1   20  162  750G 1 1  650G 1 1
     50099*   1   48  121 1900  1 1 1200X 1 1
             48   30  896           2.22   21
     50093*   1   48  155 1300  1 1 1900  1 1
             48   30  896           2.22   21
50020    4    1    0    0
     50022    1   50  100  750G 1 1  750G 1 1  650G 1 1
     50075    1   20  408 1300  1 1 1900  1 1 1200X 1 1
     50021    1   50  100  750G 1 1  750G 1 1  650G 1 1
     50018    1   20  256 1300  1 1 1900  1 1 1200X 1 1
50021    1    0    0    0         1
     50020    1   50  100
50022    1    0    0    0         1
     50020    1   50  100
50023    1    0    0    0         1
     66752    1   50  100
50024    3    1    0    0
     50025    1   50  100  750G 1 1  650G 1 1
     66752*   1   48  205 1900  1 1 1200X 1 1
             48   30  896           2.22   21
     66750*   1   48  193 1300  1 1 1900  1 1
             48   30  896           2.22   21
50025    1    0    0    0         1
     50024    1   50  100
50026    3    1    0    0
     50027    1   50  100  750G 1 1  650G 1 1
     50081*   1   48  137 1900  1 1 1200X 1 1
             48   30  896           2.22   21
     50049*   1   48  252 1300  1 1 1900  1 1
             48   30  896           2.22   21
50027    1    0    0    0         1
     50026    1   50  100
50028    4    1    0    0
     50038    1   50  100  750G 1 1  750G 1 1  650G 1 1
     66612*   1   65  599 1300  1 1 1900  1 1 1200X 1 1
             65   25 1680           2.63   41
     50029    1   50  100  750G 1 1  750G 1 1  650G 1 1
     66578*   1   65  206 1300  1 1 1900  1 1 1200X 1 1
             65   25 1680           2.63   41
50029    1    0    0    0         1
     50028    1   50  100
50030    1    0    0    0         1
     66623    1   50  100
50031    1    0    0    0         1
     66612    1   50  100
50032    1    0    0    0         1
     66624    1   50  100
50033    3    1    0    0
     50034    1   50  100  750G 1 1  650G 1 1
     66565*   1   54  145 1900  1 1 1200X 1 1
             54   35 1328           1.53   61
     50098*   1   54  273 1300  1 1 1900  1 1
             54   35 1328           1.53   61
50034    1    0    0    0         1
     50033    1   50  100
50035    1    0    0    0         1
     66565    1   50  100
50036    3    1    0    0
     50037    1   50  100  750G 1 1  650G 1 1
     66624*   1   48   47 1900  1 1 1200X 1 1
             48   30  896           2.22   21
     66565*   1   48  334 1300  1 1 1900  1 1
             48   30  896           2.22   21
50037    1    0    0    0         1
     50036    1   50  100
50038    1    0    0    0         1
     50028    1   50  100
50039    3    1    0    0
     50040    1   50  100 1100G 1 1    0  0 0
     66625    0
     66561    1   50    8 1800  1 1 1600  1 1
50040    1    0    0    0         1
     50039    1   50  100
50041    3    1    0    0
     50042    1   50  100  750G 1 1  650G 1 1
     66561*   1   48   90 1900  1 1 1200X 1 1
             48   30  896           2.22   21
     50043*   1   48  202 1300  1 1 1900  1 1
             48   30  896           2.22   21
50042    1    0    0    0         1
     50041    1   50  100
50043    3    1    0    0
     50091*   1   48   56  750G 1 1  650G 1 1
             48   30  896           2.22   21
     66623*  1F   48  109 1900  1 1 1200X 1 1
TX  2.00     48   30  896           2.22   21     FX  2.00
     50041*   1   48  202 1300  1 1 1900  1 1
             48   30  896           2.22   21
50044    3    1    0    0
     50091    0
     50065*   1   48  196 1900  1 1 1200X 1 1
             48   30  896           2.22   21
     66622*   1   48   48 1300  1 1 1900  1 1
             48   30  896           2.22   21
50045    3    1    0    0
     66571    1   20  123  750G 1 1  650G 1 1
     66622*   1   48  114 1900  1 1    0  0 0
             48   30  896           2.22   21
     66568*   1   48  141    0  0 0 1900  1 1
             48   30  896           2.22   21
50046    1    0    0    0         1
     66660    1   50  100
50047    3    1    0    0
     50048    1   50  100  750G 1 1  650G 1 1
     50052*   1   48  298 1900  1 1 1200X 1 1
             48   30  896           2.22   21
     66751*   1   48  702 1300  1 1 1900  1 1
             48   30  896           2.22   21
50048    1    0    0    0         1
     50047    1   50  100
50049    3    1    0    0
     50050    1   50  100  750G 1 1  650G 1 1
     66660*   1   48  123 1900  1 1 1200X 1 1
             48   30  896           2.22   21
     50026*   1   48  252 1300  1 1 1900  1 1
             48   30  896           2.22   21
50050    1    0    0    0         1
     50049    1   50  100
50051    1    0    0    0         1
     66750    1   50  100
50052    4    1    0    0
     50089    1   50  100  750G 1 1  750G 1 1  650G 1 1
     66752*   1   48  159 1300  1 1 1900  1 1 1200X 1 1
             48   30  896           2.22   21
     50053*  F1   50  100  750G 1 1  750G 1 1  650G 1 1
TX  2.00                                          FF  2.00
     50047*   1   48  298 1300  1 1 1900  1 1 1200X 1 1
             48   30  896           2.22   21
50053    1    0    0    0         1
     50052    1   50  100
50054    4    1    0    0
     50055    1   50  100  750G 1 1  750G 1 1  650G 1 1
     66569*   1   48  100 1300  1 1 1900  1 1 1200X 1 1
             48   30  896           2.22   21
     50056    1   50  100  750G 1 1  750G 1 1  650G 1 1
     66712*   1   48  100 1300  1 1 1900  1 1 1200X 1 1
             48   30  896           2.22   21
50055    1    0    0    0         1
     50054    1   50  100
50056    1    0    0    0         1
     50054    1   50  100
50057    3    1    0    0
     50058    0
     66564    0
     66712    1   50   18 1800  1 1 1600  1 1
50058    4    1    0    0
     50057*   1   48   71  750G 1 1  750G 1 1    0  0 0
             48   30  896           2.22   21
     66568*   1   48  157 1300  1 1 1900  1 1    0  0 0
             48   30  896           2.22   21
     50060*   1   48  129  750G 1 1    0  0 0    0  0 0
             48   30  896           2.22   21
     50061*   1   48   54    0  0 0 1900  1 1 1200X 1 1
             48   30  896           2.22   21
50059    3    1    0    0
     50060*   1   48  173  750G 1 1  650G 1 1
             48   30  896           2.22   21
     66626*   1   37  138 1900  1 1 1200X 1 1
             37   15  944           1.51   11
     50064*   1   37  252 1300  1 1 1900  1 1
             37   15  944           1.51   11
50060    3    1    0    0
     50062    1   20   78  750G 1 1  650G 1 1
     50058*   1   48  129 1900  1 1 1200X 1 1
             48   30  896           2.22   21
     50059*   1   48  173 1300  1 1 1900  1 1
             48   30  896           2.22   21
50061    3    1    0    0
     50062    1   20  133  750G 1 1  650G 1 1
     66711*   1   48   22 1900  1 1 1200X 1 1
             48   30  896           2.22   21
     50058*   1   48   54 1300  1 1 1900  1 1
             48   30  896           2.22   21
50062    3    1    0    0
     50060    1   20   78  750G 1 1  650G 1 1
     50063    1   50  100 1900  1 1 1200X 1 1
     50061    1   20  133 1300  1 1 1900  1 1
50063    1    0    0    0         1
     50062    1   50  100
50064    3    1    0    0
     50068*   1   37  157  750G 1 1  650G 1 1
             37   15  944           1.51   11
     50016*   1   48  138 1900  1 1 1200X 1 1
             48   30  896           2.22   21
     50059*   1   37  252 1300  1 1 1900  1 1
             37   15  944           1.51   11
50065    3    1    0    0
     50066*   1   37  103  750G 1 1  650G 1 1
             37   15  944           1.51   11
     50044*   1   48  196 1900  1 1 1200X 1 1
             48   30  896           2.22   21
     66562*   1   48   50 1300  1 1 1900  1 1
             48   30  896           2.22   21
50066    3    1    0    0
     50067    1   50  100  750G 1 1  650G 1 1
     50068*   1   37  243 1900  1 1 1200X 1 1
             37   15  944           1.51   11
     50065*   1   37  103 1300  1 1 1900  1 1
             37   15  944           1.51   11
50067    1    0    0    0         1
     50066    1   50  100
50068    3    1    0    0
     50069    1   50  100  750G 1 1  650G 1 1
     50064*   1   37  157 1900  1 1 1200X 1 1
             37   15  944           1.51   11
     50066*   1   37  243 1300  1 1 1900  1 1
             37   15  944           1.51   11
50069    1    0    0    0         1
     50068    1   50  100
50070    1    0    0    0         1
     66626    1   50  100
50071    3    1    0    0
     50072    1   50  100  750G 1 1  650G 1 1
     66626*   1   48   59 1900  1 1 1200X 1 1
             48   30  896           2.22   21
     66568*   1   48  132 1300  1 1 1900  1 1
             48   30  896           2.22   21
50072    1    0    0    0         1
     50071    1   50  100
50073    1    0    0    0         1
     50012    1   50  100
50074    1    0    0    0         1
     50012    1   50  100
50075    3    1    0    0
     50076    1   50  100  750G 1 1  650G 1 1
     50020    1   20  408 1900  1 1 1200X 1 1
     50019    1   20  162 1300  1 1 1900  1 1
50076    1    0    0    0         1
     50075    1   50  100
50077    3    1    0    0
     50078    1   50  100  750G 1 1  650G 1 1
     66620*   1   48  118 1900  1 1 1200X 1 1
             48   30  896           2.22   21
     50079*   1   48  182 1300  1 1 1900  1 1
             48   30  896           2.22   21
50078    1    0    0    0         1
     50077    1   50  100
50079    3    1    0    0
     50080    1   50  100  750G 1 1  650G 1 1
     50077*   1   48  182 1900  1 1 1200X 1 1
             48   30  896           2.22   21
     66576*   1   48  129 1300  1 1 1900  1 1
             48   30  896           2.22   21
50080    1    0    0    0         1
     50079    1   50  100
50081    3    1    0    0
     50082    1   20  105  750G 1 1  650G 1 1
     66750*   1   48   62 1900  1 1 1200X 1 1
             48   30  896           2.22   21
     50026*   1   48  137 1300  1 1 1900  1 1
             48   30  896           2.22   21
50082    3    1    0    0
     50086    1   50  100  750G 1 1  650G 1 1
     50083    1   20  239 1900  1 1 1200X 1 1
     50081    1   20  105 1300  1 1 1900  1 1
50083    3    1    0    0
     50084    1   50  100  750G 1 1  650G 1 1
     66576    1   20  183 1900  1 1 1200X 1 1
     50082    1   20  239 1900  1 1 1200X 1 1
50084    1    0    0    0         1
     50083    1   50  100
50086    1    0    0    0         1
     50082    1   50  100
50087    3    1    0    0
     50088    1   50  100  750G 1 1  650G 1 1
     66620*   1   48  316 1900  1 1 1200X 1 1
             48   30  896           2.22   21
     50099*   1   48  106 1300  1 1 1900  1 1
             48   30  896           2.22   21
50088    1    0    0    0         1
     50087    1   50  100
50089    1    0    0    0         1
     50052    1   50  100
50090    4    1    0    0
     50094    0
     66579*   1   48   72    0  0 0 1900  1 1 1200X 1 1
             48   30  896           2.22   21
     50091    1   10  132  750G 1 1  750G 1 1    0  0 0
     66655*   1   48   25 1300  1 1 1900  1 1    0  0 0
             48   30  896           2.22   21
50091    4    1    0    0
     50090    0
     50043*   1   48   56 1300  1 1    0  0 0 1200X 1 1
             48   30  896           2.22   21
     50092    1   50  100    0  0 0  750G 1 1  650G 1 1
     50044*   1   28  152    0  0 0 1900  1 1 1200X 1 1
             28   15  896           1.19  511
50092    1    0    0    0         1
     50091    1   50  100
50093    3    1    0    0
     50094    1   10  145  750G 1 1  650G 1 1
     66569*   1   48  100 1900  1 1    0  0 0
             48   30  896           2.22   21
     50019*   1   48  155    0  0 0 1900  1 1
             48   30  896           2.22   21
50094    3    1    0    0
     50095    1   50  100    0  0 0  650G 1 1
     50090    1   10   77 1900  1 1 1200  1 1
     50093    0
50095    1    0    0    0         1
     50094    1   50  100
50096    3    1    0    0
     50097    1   50  100  750G 1 1  650G 1 1
     50000*   1   54  657 1900  1 1 1200X 1 1
             54   35 1328           1.53   61
     69235*   1   54  622 1300  1 1 1900  1 1
             54   35 1328           1.53   61
50097    1    0    0    0         1
     50096    1   50  100
50098    3    1    0    0
     66739*   1   54 1350  750G 1 1  650G 1 1
             54   35 1328           1.53   61
     70100*   1   87 1363 1900  1 1 1200X 1 1
             87   58 1328           1.99  111
     50033*   1   54  273 1300  1 1 1900  1 1
             54   35 1328           1.53   61
50099    3    1    0    0
     50087*  1F   48  106  750G 1 1  650G 1 1
TX  2.00     48   30  896           2.22   21     FX  2.00
     50019*   1   48  121 1900  1 1 1200X 1 1
             48   30  896           2.22   21
     66752*  F1   48   77 1300  1 1 1900  1 1
TX  2.00     48   30  896           2.22   21     FF  6.00
50101    1    0    0    0         1
     70188*   1  11311763
            113   74 4659           2.80   71
50106    3    1    0    0
     50007    1   50  100  750G 1 1  650G 1 1
     50005*   1   48  221 1900  1 1 1200X 1 1
             48   30  896           2.22   21
     66575*   1   48  273 1300  1 1 1900  1 1
             48   30  896           2.22   21
50202    1    0    0    0         1
     71092    0
66560    2    1    0    0
     69161*   1   65 1107 1900  1 1
             65   25 1680           2.63   41
     50016*   1   48  324 1900  1 1
             48   30  896           2.22   21
66561    3    1    0    0
     50041*   1   48   90 1100G 1 1    0  0 0
             48   30  896           2.22   21
     50039    0
     66562    1   50   21 1800  1 1 1600  1 1
66562    3    1    0    0
     50065*   1   48   50 1100G 1 1    0  0 0
             48   30  896           2.22   21
     66561    0
     66625*   1   48   23 1800  1 1 1600  1 1
             48   30  896           2.22   21
66563    3    1    0    0
     66564*   1   48   99 1100G 1 1    0  0 0
             48   30  896           2.22   21
     66711    0
     66567    1   50   18 1800  1 1 1600  1 1
66564    3    1    0    0
     66563*   1   48   99 1100G 1 1    0  0 0
             48   30  896           2.22   21
     66574    0
     50057    1   50   16 1800  1 1 1600  1 1
66565    3    1    0    0
     50035    1   50  100  750G 1 1  650G 1 1
     50036*   1   48  334 1900  1 1 1200X 1 1
             48   30  896           2.22   21
     50033*   1   54  145 1300  1 1 1900  1 1
             54   35 1328           1.53   61
66567    3    1    0    0
     66656*   1   48  318 1100G 1 1    0  0 0
             48   30  896           2.22   21
     66563    0
     66711    1   50   25 1800  1 1 1600  1 1
66568    3    1    0    0
     50071*   1   48  132  750G 1 1  650G 1 1
             48   30  896           2.22   21
     50058*   1   48  157 1900  1 1 1200X 1 1
             48   30  896           2.22   21
     50045*   1   48  141 1300  1 1 1900  1 1
             48   30  896           2.22   21
66569    3    1    0    0
     50054*   1   48  100 1300  1 1 1900  1 1
             48   30  896           2.22   21
     50093*  F1   48  128  750G 1 1  650G 1 1
TX  2.00     48   30  896           2.22   21     FF  4.00
     66571*   1   48   80 1900  1 1 1200X 1 1
             48   30  896           2.22   21
66571    3    1    0    0
     50045    0
     66569*   1   48   80 1900  1 1 1200X 1 1
             48   30  896           2.22   21
     66655*   1   48   90 1300  1 1 1900  1 1
             48   30  896           2.22   21
66572    3    1    0    0
     66751*   1   93  402 1100G 1 1    0  0 0
             93   55 1686           2.15   91
     66573    0
     66644    1   50   42 1800  1 1 1600  1 1
66573    3    1    0    0
     69238*   1   93  764 1100G 1 1    0  0 0
             93   55 1686           2.15   91
     66644    0
     66572    1   50   31 1800  1 1 1600  1 1
66574    3    1    0    0
     50012*   1   48  228 1100G 1 1    0  0 0
             48   30  896           2.22   21
     66712    0
     66564    1   50   20 1800  1 1 1600  1 1
66575    4    1    0    0
     50008    1   50  100  750G 1 1  750G 1 1  650G 1 1
     50106*   1   48  273 1300  1 1 1900  1 1 1200X 1 1
             48   30  896           2.22   21
     50009    1   50  100  750G 1 1  750G 1 1  650G 1 1
     50018*   1   48  323 1300  1 1 1900  1 1 1200X 1 1
             48   30  896           2.22   21
66576    3    1    0    0
     50083    1   20  183  750G 1 1  650G 1 1
     50079*   1   48  129 1900  1 1 1200X 1 1
             48   30  896           2.22   21
     66750*   1   48  187 1300  1 1 1900  1 1
             48   30  896           2.22   21
66578    3    1    0    0
     66623*   1   48   90  750G 1 1  650G 1 1
             48   30  896           2.22   21
     66579*  1F   48  191 1900  1 1 1200X 1 1
TX  2.00     48   30  896           2.22   21     FX  2.00
     50028*   1   65  207 1300  1 1 1900  1 1
             65   25 1680           2.63   41
66579    3    1    0    0
     66578*   1   48  191  750G 1 1  650G 1 1
             48   30  896           2.22   21
     50090*  1F   48   72 1900  1 1 1200X 1 1
TX  2.00     48   30  896           2.22   21     FX  4.00
     66620*   1   48   98 1300  1 1 1900  1 1
             48   30  896           2.22   21
66580    3    1    0    0
     66582*   1   87   67 1300  1 1 1900  1 1
             87   58 1328           1.99  111
     66581    1   50   58  750G 1 1  650G 1 1
     66739*   1   87  213 1900  1 1 1200X 1 1
             87   58 1328           1.99  111
66581    2    1    0    0
     66580    1   50   58 1900  1 1
     69241*   1   54 4430 1900  1 1
             54   35 1328           1.53   61
66582    2    1    0    0
     66612*   1   87  369 1900  1 1
             87   58 1328           1.99  111
     66580*   1   87   67 1900  1 1
             87   58 1328           1.99  111
66612    3    1    0    0
     50031*  F1   50  100  750G 1 1  650G 1 1
TX  2.00                                          FF  2.00
     66582*   1   87  369 1900  1 1 1200X 1 1
             87   58 1328           1.99  111
     50028*   1   65  599 1300  1 1 1900  1 1
             65   25 1680           2.63   41
66620    3    1    0    0
     50087*   1   48  316  750G 1 1  650G 1 1
             48   30  896           2.22   21
     50077*   1   48  118 1900  1 1 1200X 1 1
             48   30  896           2.22   21
     66579*   1   48   98 1300  1 1 1900  1 1
             48   30  896           2.22   21
66622    4    3    3    0   60   60
     66626    0
     50045*   1   48  114 1300  1 1 1900  1 1 1600  1 1
             48   30  896           2.22   21
     66655*  F1   48  152 1300  1 1 1900  1 1 1600  1 1
TX  2.00     48   30  896           2.22   21     FF  2.00
     50044*  1F   48   48 1300  1 1 1900  1 1 1600  1 1
TX  2.00     48   30  896           2.22   21     FX  3.00
             15    5    6500456665550045500445004566626
             40    5    6666555004466655666266665550045
             40    5    6500446662650044500455004466655
66623    3    1    0    0
     50030*  F1   50  100  750G 1 1  650G 1 1
TX  2.00                                          FF  2.00
     50043*   1   48  109 1900  1 1 1200X 1 1
             48   30  896           2.22   21
     66578*   1   48   90 1300  1 1 1900  1 1
             48   30  896           2.22   21
66624    3    3    2    0   90   90
     50032    1   50  100 1300  1 1 1600  1 1
     50036*   1   48   47 1900  1 1 1600X 1 1
             48   30  896           2.22   21
     66625*   1   48  528 1300  1 1 1900  1 1
             48   30  896           2.22   21
             40    5    450032500365003266625
             40    5    85003666625500365003266625500326662550036
66625    3    1    0    0
     66624*   1   48  528 1100G 1 1    0  0 0
             48   30  896           2.22   21
     66562    0
     50039    1   50   10 1800  1 1 1600  1 1
66626    4    1    0    0
     50071*   1   48   59    0  0 0  750G 1 1  650G 1 1
             48   30  896           2.22   21
     66622*   1   28  150 1300  1 1 1900  1 1 1200X 1 1
             28   15  896           1.19  511
     50070    1   50  100  750G 1 1  750G 1 1    0  0 0
     50059*   1   37  138 1300  1 1    0  0 0 1200X 1 1
             37   15  944           1.51   11
66644    3    1    0    0
     66660*   1   87  241 1100G 1 1    0  0 0
             87   58 1328           1.99  111
     66572    0
     66573    1   50   42 1800  1 1 1600  1 1
66655    3    5    0  750
     66622*   1   48  152  750  1 1  750  1 1
             48   30  896           2.22   21
     66571*   1   48   90  750  1 1  750  1 1
             48   30  896           2.22   21
     50090*   1   48   25  750  1 1  750  1 1
             48   30  896           2.22   21
66656    4    1    0    0
     50014    1   50  100  750G 1 1  750G 1 1  650G 1 1
     66567*   1   48  318 1300  1 1 1900  1 1 1200X 1 1
             48   30  896           2.22   21
     50013    1   50  100  750G 1 1  750G 1 1  650G 1 1
     66658*   1   65  441 1300  1 1 1900  1 1 1200X 1 1
             65   25 1680           2.63   41
66658    3    1    0    0
     50015    1   50  100  750G 1 1  650G 1 1
     50002*   1   65  229 1900  1 1 1200X 1 1
             65   25 1680           2.63   41
     66656*   1   65  441 1300  1 1 1900  1 1
             65   25 1680           2.63   41
66660    3    1    0    0
     50046    1   50  100  750G 1 1  650G 1 1
     66644*   1   87  241 1900  1 1 1200X 1 1
             87   58 1328           1.99  111
     50049*   1   48  123 1300  1 1 1900  1 1
             48   30  896           2.22   21
66711    3    1    0    0
     50061*   1   48   22 1100G 1 1    0  0 0
             48   30  896           2.22   21
     66567    0
     66563    1   50   19 1800  1 1 1600  1 1
66712    3    1    0    0
     50054*   1   48  100 1100G 1 1    0  0 0
             48   30  896           2.22   21
     50057    0
     66574    1   50  100 1800  1 1 1600  1 1
66739    3    1    0    0
     50098*   1   54 1350  750G 1 1  650G 1 1
             54   35 1328           1.53   61
     66580*   1   87  213 1900  1 1 1200X 1 1
             87   58 1328           1.99  111
     75000*   1   87 1150 1300  1 1 1900  1 1
             87   58 1328           1.99  111
66750    4    5    0  750
     50024*   1   48  193  750  1 1  750  1 1  750  1 1
             48   30  896           2.22   21
     50051    1   50  100  750  1 1  750  1 1  750  1 1
     50081*   1   48   62  750  1 1  750  1 1  750  1 1
             48   30  896           2.22   21
     66576*   1   48  187  750  1 1  750  1 1  750  1 1
             48   30  896           2.22   21
66751    3    1    0    0
     50047*   1   48  702  750G 1 1  650G 1 1
             48   30  896           2.22   21
     69813*   1   93 1265 1900  1 1 1200X 1 1
             93   55 1686           2.15   91
     66572*   1   93  402 1300  1 1 1900  1 1
             93   55 1686           2.15   91
66752    4    1    0    0
     50023    1   50  100  750G 1 1  750G 1 1  650G 1 1
     50052*   1   48  159 1300  1 1 1900  1 1 1200X 1 1
             48   30  896           2.22   21
     50024*   1   48  205  750G 1 1  750G 1 1  650G 1 1
             48   30  896           2.22   21
     50099*   1   48   77 1300  1 1 1900  1 1 1200X 1 1
             48   30  896           2.22   21
68366    3    1    0    0
     69732*   1   82 2978 1900  1 1    0  0 0
             82   53 1328           2.04  101
     70088    0
     71026    1   50   56 1900  1 1    0  0 0
68445    3    1    0    0
     69184*   1   48  297 1900  1 1 3000X 1 1
             48   30  896           2.22   21
     70589*   1   82 6080 3000  1 1 1900  1 1
             82   53 1328           2.04  101
     75016    1   50  100 3000G 1 1 3000G 1 1
68446    3    1    0    0
     68447*   1   87   62  750G 1 1  650G 1 1
             87   58 1328           1.99  111
     68449*   1   54  109 1900  1 1 1200X 1 1
             54   35 1328           1.53   61
     69140*   1   54 2892 1300  1 1 1900  1 1
             54   35 1328           1.53   61
68447    3    1    0    0
     68446*   1   87   62 1900  1 1 3000X 1 1
             87   58 1328           1.99  111
     71262*   1   87 4814 3000  1 1 1900  1 1
             87   58 1328           1.99  111
     75005    1   50  100 3000G 1 1 3000G 1 1
68448    3    1    0    0
     68502*   1   54 5608  750G 1 1  650G 1 1
             54   35 1328           1.53   61
     69161*   1   65   73 1900  1 1 1200X 1 1
             65   25 1680           2.63   41
     71262*   1   87  467 1300  1 1 1900  1 1
             87   58 1328           1.99  111
68449    3    1    0    0
     69580*   1   8712350  750G 1 1  650G 1 1
             87   58 1328           1.99  111
     68446*   1   54  109 1900  1 1 1200X 1 1
             54   35 1328           1.53   61
     68450*   1   54 7503 1300  1 1 1900  1 1
             54   35 1328           1.53   61
68450    3    1    0    0
     68449*   1   54 7503  750G 1 1  650G 1 1
             54   35 1328           1.53   61
     69154*   1   87 1154 1900  1 1 1200X 1 1
             87   58 1328           1.99  111
     69127*   1   87   32 1300  1 1 1900  1 1
             87   58 1328           1.99  111
68451    3    1    0    0
     71263*   1   93  500 1100G 1 1    0  0 0
             93   55 1686           2.15   91
     70890    0
     69812    1   50   32 1800  1 1 1600  1 1
68452    3    1    0    0
     68454*   1   54 3569 1100G 1 1    0  0 0
             54   35 1328           1.53   61
     68453    0
     69810    1   50   22 1800  1 1 1600  1 1
68453    3    1    0    0
     69811*   1   93  407 1100G 1 1    0  0 0
             93   55 1686           2.15   91
     69220    0
     68452    1   50   27 1800  1 1 1600  1 1
68454    2    1    0    0
     68503*   1   54  895 1900  1 1
             54   35 1328           1.53   61
     68452*   1   54 3569 1900  1 1
             54   35 1328           1.53   61
68455    3    1    0    0
     69237*   1   54 1099 1100G 1 1    0  0 0
             54   35 1328           1.53   61
     68456    0
     69811    1   50   27 1800  1 1 1600  1 1
68456    3    1    0    0
     69813*   1   93   33 1100G 1 1    0  0 0
             93   55 1686           2.15   91
     68457    0
     68455    1   50   25 1800  1 1 1600  1 1
68457    3    1    0    0
     69235*   1   48  548 1100G 1 1    0  0 0
             48   30  896           2.22   21
     69811    0
     68456    1   50   26 1800  1 1 1600  1 1
68458    3    1    0    0
     69238    1   50  113  750G 1 1    0  0 0
     69251*   1   54 6052 1900  1 1    0  0 0
             54   35 1328           1.53   61
     69248    1   50   56    0  0 0 1900  1 1
68461    2    1    0    0
     69249*   1   93 2181 1900  1 1
             93   55 1686           2.15   91
     69255*   1   93 1683 1900  1 1
             93   55 1686           2.15   91
68502    3    1    0    0
     69140    1   10  309  750G 1 1  650G 1 1
     71162*   1   54  329 1900  1 1 1200X 1 1
             54   35 1328           1.53   61
     68448*   1   54 5608 1300  1 1 1900  1 1
             54   35 1328           1.53   61
68503    3    1    0    0
     71166*   1   54  249 1900  1 1 3000X 1 1
             54   35 1328           1.53   61
     68454*   1   54  895 3000  1 1 1900  1 1
             54   35 1328           1.53   61
     75017    1   50  100 3000G 1 1 3000G 1 1
69126    1    0    0    0         1
     69127*   1   87 3850
             87   58 1328           1.99  111
69127    3    1    0    0
     69155*   1   54 1184  750G 1 1  650G 1 1
             54   35 1328           1.53   61
     69126*   1   87 3850 1900  1 1 1200X 1 1
             87   58 1328           1.99  111
     68450*   1   87   32 1300  1 1 1900  1 1
             87   58 1328           1.99  111
69140    3    1    0    0
     68502    1   10  309  750G 1 1  650G 1 1
     68446*   1   54 2892 1900  1 1 1200X 1 1
             54   35 1328           1.53   61
     71162*   1   54  205 1300  1 1 1900  1 1
             54   35 1328           1.53   61
69142    4    1    0    0
     71162*   1   54 7648  750G 1 1 3000G 1 1  650G 1 1
             54   35 1328           1.53   61
     70076*  1F   82  100 3000  1 1 1900  1 1 1200X 1 1
TX  2.00     82   53 1328           2.04  101     FX 10.00
     75015    1   50  100 3000G 1 1 3000G 1 1 3000G 1 1
     69732*   1   82 5555 1300  1 1 1900  1 1 3000X 1 1
             82   53 1328           2.04  101
69154    2    1    0    0
     70102*   1   87 3745 1900  1 1
             87   58 1328           1.99  111
     68450*   1   87 1154 1900  1 1
             87   58 1328           1.99  111
69155    2    1    0    0
     69127*   1   54 1184 1900  1 1
             54   35 1328           1.53   61
     69184*   1   54 2992 1900  1 1
             54   35 1328           1.53   61
69161    3    1    0    0
     66560*   1   65 1107 3000  1 1 1900  1 1
             65   25 1680           2.63   41
     75013    1   50  100 3000G 1 1 3000G 1 1
     68448*   1   65   73 1900  1 1 3000X 1 1
             65   25 1680           2.63   41
69177    3    1    0    0
     69528*   1   87 3205 1100G 1 1    0  0 0
             87   58 1328           1.99  111
     70186    0
     71066    1   50   22 1800  1 1 1600  1 1
69184    3    1    0    0
     69186*  F1   87  127  750G 1 1  650G 1 1
TX  2.00     87   58 1328           1.99  111     FF  2.00
     68445*  1F   48  297 1900  1 1 1200X 1 1
TX  2.00     48   30  896           2.22   21     FX  4.00
     69155*   1   54 2992 1300  1 1 1900  1 1
             54   35 1328           1.53   61
69186    2    1    0    0
     69528*   1   87 2166 1900  1 1
             87   58 1328           1.99  111
     69184*   1   87  127 1900  1 1
             87   58 1328           1.99  111
69195    1    0    0    0         1
     69211*   1   54  100
             54   35 1328           1.53   61
69209    3    1    0    0
     69211*   1   54   42 3000  1 1 1900  1 1
             54   35 1328           1.53   61
     75012    1   50  100 3000G 1 1 3000G 1 1
     71166*   1   54 3057 1900  1 1 3000X 1 1
             54   35 1328           1.53   61
69211    2    1    0    0
     69195*   1   54  100 1900  1 1
             54   35 1328           1.53   61
     69209*   1   54   42 1900  1 1
             54   35 1328           1.53   61
69220    3    1    0    0
     69235*   1   54  554 1100G 1 1    0  0 0
             54   35 1328           1.53   61
     69810    0
     68453    1   50   27 1800  1 1 1600  1 1
69235    4    1    0    0
     68457*   1   48  548  750G 1 1  750G 1 1  650G 1 1
             48   30  896           2.22   21
     50005*   1   48  110 1300  1 1 1900  1 1 1200X 1 1
             48   30  896           2.22   21
     50096*   1   54  622  750G 1 1  750G 1 1  650G 1 1
             54   35 1328           1.53   61
     69220*   1   54  554 1300  1 1 1900  1 1 1200X 1 1
             54   35 1328           1.53   61
69237    3    1    0    0
     69245*   1   54 3195 3000  1 1 1900  1 1
             54   35 1328           1.53   61
     75009    1   50  100 3000G 1 1 3000G 1 1
     68455*   1   54 1099 1900  1 1 3000X 1 1
             54   35 1328           1.53   61
69238    3    1    0    0
     66573*   1   93  764 1300  1 1 1900  1 1
             93   55 1686           2.15   91
     68458    0
     69248*   1   93   93 1900  1 1    0  0 0
             93   55 1686           2.15   91
69241    3    1    0    0
     66581*   1   54 4430 1900  1 1 3000X 1 1
             54   35 1328           1.53   61
     69268*   1   54 8202 3000  1 1 1900  1 1
             54   35 1328           1.53   61
     75010    1   50  100 3000G 1 1 3000G 1 1
69245    3    1    0    0
     69246*   1   54  307  750G 1 1  650G 1 1
             54   35 1328           1.53   61
     69237*   1   54 3195 1900  1 1 1200X 1 1
             54   35 1328           1.53   61
     69469*   1   54 1623 1300  1 1 1900  1 1
             54   35 1328           1.53   61
69246    2    1    0    0
     69245*   1   54  307 1900  1 1
             54   35 1328           1.53   61
     69467*   1   54 2042 1900  1 1
             54   35 1328           1.53   61
69248    3    1    0    0
     68458    1   50   56  750G 1 1  650G 1 1
     69249*   1   93 1660 1900  1 1 1200X 1 1
             93   55 1686           2.15   91
     69238*   1   93   93    0  0 0 1900  1 1
             93   55 1686           2.15   91
69249    2    1    0    0
     69248*   1   93 1660 1900  1 1
             93   55 1686           2.15   91
     68461*   1   93 2181 1900  1 1
             93   55 1686           2.15   91
69251    3    1    0    0
     69461*   1   54 5728 3000  1 1 1900  1 1
             54   35 1328           1.53   61
     75019    1   50  100 3000G 1 1 3000G 1 1
     68458*   1   54 6052 1900  1 1 3000X 1 1
             54   35 1328           1.53   61
69255    3    1    0    0
     68461*   1   93 1683 1900  1 1 3000X 1 1
             93   55 1686           2.15   91
     70037*   1   48  805 3000  1 1 1900  1 1
             48   30  896           2.22   21
     75018    1   50  100 3000G 1 1 3000G 1 1
69268    1    0    0    0         1
     69241*   1   54 8202
             54   35 1328           1.53   61
69273    1    0    0    0         1
     70037*   1   93 6007
             93   55 1686           2.15   91
69461    1    0    0    0         1
     69251*   1   54 5728
             54   35 1328           1.53   61
69467    3    1    0    0
     69469*   1   54  814 3000  1 1 1900  1 1
             54   35 1328           1.53   61
     75011    1   50  100 3000G 1 1 3000G 1 1
     69246*   1   54 2042 1900  1 1 3000X 1 1
             54   35 1328           1.53   61
69469    2    1    0    0
     69467*   1   54  814 1900  1 1
             54   35 1328           1.53   61
     69245*   1   54 1623 1900  1 1
             54   35 1328           1.53   61
69528    3    1    0    0
     69177*   1   87 3205 3000  1 1 1900  1 1
             87   58 1328           1.99  111
     75006    1   50  100 3000G 1 1 3000G 1 1
     69186*   1   87 2166 1900  1 1 3000X 1 1
             87   58 1328           1.99  111
69580    1    0    0    0         1
     68449*   1   8712350
             87   58 1328           1.99  111
69732    3    1    0    0
     69142*   1   82 5555 1900  1 1 3000X 1 1
             82   53 1328           2.04  101
     68366*   1   82 2978 3000  1 1 1900  1 1
             82   53 1328           2.04  101
     75007    1   50  100 3000G 1 1 3000G 1 1
69810    3    1    0    0
     71263*   1   93 1424 1100G 1 1    0  0 0
             93   55 1686           2.15   91
     68452    0
     69220    1   50   22 1800  1 1 1600  1 1
69811    3    1    0    0
     68453*   1   93  407 1100G 1 1    0  0 0
             93   55 1686           2.15   91
     68455    0
     68457    1   50   20 1800  1 1 1600  1 1
69812    3    1    0    0
     70086*   1   93 1312 1100G 1 1    0  0 0
             93   55 1686           2.15   91
     68451    0
     70890    1   50   44 1800  1 1 1600  1 1
69813    2    1    0    0
     68456*   1   93   33 1900  1 1
             93   55 1686           2.15   91
     66751*   1   93 1265 1900  1 1
             93   55 1686           2.15   91
70037    2    1    0    0
     69255*   1   48  805 1900  1 1
             48   30  896           2.22   21
     69273*   1   93 6007 1900  1 1
             93   55 1686           2.15   91
70076    1    0    0    0         1
     69142*   1   82  100
             82   53 1328           2.04  101
70084    3    1    0    0
     70206*   1   80  507 1100G 1 1    0  0 0
             80   62 2099           2.20  121
     70085    0
     70091    1   50   51    0  0 0 1600  1 1
70085    3    1    0    0
     70086    0
     71024    0
     70084    1   50   57 1800  1 1 1600  1 1
70086    3    1    0    0
     69812*   1   93 1312 1900  1 1    0  0 0
             93   55 1686           2.15   91
     71024    0
     70085    1   50   67 1900  1 1    0  0 0
70087    3    1    0    0
     70092*   1   82  238 1900  1 1    0  0 0
             82   53 1328           2.04  101
     71025    0
     70090*   1   82   65 1900  1 1    0  0 0
             82   53 1328           2.04  101
70088    3    1    0    0
     68366    1   50   50 1100G 1 1    0  0 0
     70089    0
     71026    1   50   27    0  0 0 1600  1 1
70089    3    1    0    0
     70107    0
     70090    0
     70088    1   50   11 1800  1 1 1600  1 1
70090    3    1    0    0
     70087    0
     71025    0
     70089    1   50   44 1800  1 1 1600  1 1
70091    3    1    0    0
     70092*   1   82  120 1100G 1 1    0  0 0
             82   53 1328           2.04  101
     70084    0
     71023    1   50   32    0  0 0 1600  1 1
70092    3    1    0    0
     70087*   1   82  238 1900  1 1    0  0 0
             82   53 1328           2.04  101
     70091    0
     71036*   1   82   52 1900  1 1    0  0 0
             82   53 1328           2.04  101
70097    3    1    0    0
     70103*   1   87  445 1100G 1 1    0  0 0
             87   58 1328           1.99  111
     70099    0
     70098    1   50   22 1800  1 1 1600  1 1
70098    3    1    0    0
     71034    0
     70097    0
     70100    1   50   23 1800  1 1 1600  1 1
70099    3    1    0    0
     70207*   1   80  356 1100G 1 1    0  0 0
             80   62 2099           2.20  121
     70100    0
     70097    1   50   24    0  0 0 1600  1 1
70100    3    1    0    0
     50098*   1   87 1363 1100G 1 1    0  0 0
             87   58 1328           1.99  111
     70098    0
     70099    1   50   11 1800  1 1 1600  1 1
70101    3    1    0    0
     70104*   1   80  263 1900  1 1    0  0 0
             80   62 2099           2.20  121
     71035    0
     71068*   1   80  388 1900  1 1    0  0 0
             80   62 2099           2.20  121
70102    3    1    0    0
     69154*   1   87 3745 1100G 1 1    0  0 0
             87   58 1328           1.99  111
     70103    0
     70104    1   50   24 1800  1 1 1600  1 1
70103    3    1    0    0
     70097*   1   87  445 1100G 1 1    0  0 0
             87   58 1328           1.99  111
     70104    0
     70102    1   50   33 1800  1 1 1600  1 1
70104    3    1    0    0
     70101*   1   80  263 1100G 1 1    0  0 0
             80   62 2099           2.20  121
     70102    0
     70103    1   50   24 1800  1 1 1600  1 1
70105    3    1    0    0
     70207*   2  113 1238    0  0 0 3800  1 2
            113   74 4659           2.80   71
     71034*   1   80  614 1900M 1 1    0  0 0
             80   62 2099           2.20  121
     70243    0
70107    3    1    0    0
     70209*   2  113 1096    0  0 0 3800  1 2
            113   74 4659           2.80   71
     70089*   1   80  457 1900M 1 1    0  0 0
             80   62 2099           2.20  121
     71056    0
70143    1    0    0    0         1
     70206    0
70184    2    5    0  750
     75000*   1   87 2500  750  1 1
             87   58 1328           1.99  111
     70185*   1   87  103  750  1 1
             87   58 1328           1.99  111
70185    4    1    0    0
     70243*   1   80  440  750G 1 1    0  0 0    0  0 0
             80   62 2099           2.20  121
     70184*   1   87  103 1300  1 1 1900  1 1    0  0 0
             87   58 1328           1.99  111
     70188    0
     70187*   1   87   98    0  0 0 1900  1 1    0  0 0
             87   58 1328           1.99  111
70186    3    1    0    0
     71067    0
     70187    0
     69177    1   50   29 1800  1 1 1600  1 1
70187    3    1    0    0
     70185*   1   87   98 1100G 1 1    0  0 0
             87   58 1328           1.99  111
     71066    0
     70186    1   50   15 1800  1 1 1600  1 1
70188    3    1    0    0
     70243*   2  113  764    0  0 0 3800  1 2
            113   74 4659           2.80   71
     70185*   1   80  329 1900M 1 1    0  0 0
             80   62 2099           2.20  121
     50101    0
70206    3    1    0    0
     70143*   2  11313667 1900  1 1 3800  1 2
            113   74 4659           2.80   71
     70084    0
     71033    0
70207    3    1    0    0
     71033*   2  113 4990 1900  1 1 3800  1 2
            113   74 4659           2.80   71
     70099    0
     70105    0
70209    3    1    0    0
     71035*   2  113 5710 1900  1 1 3800  1 2
            113   74 4659           2.80   71
     71027    0
     70107    0
70243    3    1    0    0
     70105*   2  113 1769 1900  1 1 3800  1 2
            113   74 4659           2.80   71
     70185    0
     70188    0
70589    1    0    0    0         1
     68445*   1   82 6080
             82   53 1328           2.04  101
70890    3    1    0    0
     50001*   1   65  910 1100G 1 1    0  0 0
             65   25 1680           2.63   41
     69812    0
     68451    1   50   31 1800  1 1 1600  1 1
71023    3    1    0    0
     71036    0
     70091    0
     71024    1   50    6 1800  1 1 1600  1 1
71024    3    1    0    0
     70086    1   50   59 1100G 1 1    0  0 0
     71023    0
     70085    1   50   38    0  0 0 1600  1 1
71025    3    1    0    0
     70087    1   50   62 1100G 1 1    0  0 0
     71027    0
     70090    1   50   34    0  0 0 1600  1 1
71026    3    1    0    0
     68366    0
     70088    0
     71027    1   50   47 1800  1 1 1600  1 1
71027    3    1    0    0
     70209*   1   80  621 1100G 1 1    0  0 0
             80   62 2099           2.20  121
     71026    0
     71025    1   50   34    0  0 0 1600  1 1
71033    3    1    0    0
     70206*   2  113 1192    0  0 0 3800  1 2
            113   74 4659           2.80   71
     71036*   1   80  632 1900M 1 1    0  0 0
             80   62 2099           2.20  121
     70207    0
71034    2    1    0    0
     70098*   1   80  255 1900  1 1
             80   62 2099           2.20  121
     70105    0
71035    3    1    0    0
     71068*   2  113  507    0  0 0 3800  1 2
            113   74 4659           2.80   71
     70101*   1   80  185 1900M 1 1    0  0 0
             80   62 2099           2.20  121
     70209    0
71036    3    1    0    0
     71023*   2   82   77 1900  1 1 1900  2 2
             82   53 1328           2.04  101
     71033    0
     70092    0
71056    1    0    0    0         1
     70107*   1  11313765
            113   74 4659           2.80   71
71066    3    1    0    0
     71092*   1   80  386 1100G 1 1    0  0 0
             80   62 2099           2.20  121
     69177    0
     70187    1   50   19    0  0 0 1600  1 1
71067    3    1    0    0
     71092*   2  113  720    0  0 0 3800  1 2
            113   74 4659           2.80   71
     70186*   1   80  313 1900M 1 1    0  0 0
             80   62 2099           2.20  121
     71068    0
71068    3    1    0    0
     71067*   2  113 1853 1900  1 1 3800  1 2
            113   74 4659           2.80   71
     70101    0
     71035    0
71092    3    1    0    0
     50202*   2  11311794 1900  1 1 3800  1 2
            113   74 4659           2.80   71
     71066    0
     71067    0
71162    3    1    0    0
     68502*   1   54  329  750G 1 1  650G 1 1
             54   35 1328           1.53   61
     69140*   1   54  205 1900  1 1 1200X 1 1
             54   35 1328           1.53   61
     69142*   1   54 7648 1300  1 1 1900  1 1
             54   35 1328           1.53   61
71166    2    1    0    0
     69209*   1   54 3057 1900  1 1
             54   35 1328           1.53   61
     68503*   1   54  249 1900  1 1
             54   35 1328           1.53   61
71262    2    1    0    0
     68448*   1   87  467 1900  1 1
             87   58 1328           1.99  111
     68447*   1   87 4814 1900  1 1
             87   58 1328           1.99  111
71263    4    1    0    0
     50000*  F1   54 1015  750G 1 1 3000G 1 1  650G 1 1
TX  2.00     54   35 1328           1.53   61     FF  2.00
     68451*   1   93  500 3000  1 1 1900  1 1 1200X 1 1
             93   55 1686           2.15   91
     75014    1   50  100 3000G 1 1 3000G 1 1 3000G 1 1
     69810*   1   93 1424 1300  1 1 1900  1 1 3000X 1 1
             93   55 1686           2.15   91
75000    3    1    0    0
     70184*   1   87 2500 1900  1 1 3000X 1 1
             87   58 1328           1.99  111
     66739*   1   87 1350 3000  1 1 1900  1 1
             87   58 1328           1.99  111
     75008    1   50  100 3000G 1 1 3000G 1 1
75005    1    0    0    0         1
     68447    1   50  100
75006    1    0    0    0         1
     69528    1   50  100
75007    1    0    0    0         1
     69732    1   50  100
75008    1    0    0    0         1
     75000    1   50  100
75009    1    0    0    0         1
     69237    1   50  100
75010    1    0    0    0         1
     69241    1   50  100
75011    1    0    0    0         1
     69467    1   50  100
75012    1    0    0    0         1
     69209    1   50  100
75013    1    0    0    0         1
     69161    1   50  100
75014    1    0    0    0         1
     71263    1   50  100
75015    1    0    0    0         1
     69142    1   50  100
75016    1    0    0    0         1
     68445    1   50  100
75017    1    0    0    0         1
     68503    1   50  100
75018    1    0    0    0         1
     69255    1   50  100
75019    1    0    0    0         1
     69251    1   50  100