     20793   322848   223328
     20794   322895   223271
     20795   322941   223255
     20796   322967   223178
     20797   322874   223347
     20798   322920   223244
     20799   323267   222996
     20800   323783   223231
     20801   323848   223261
     20802   323596   223140
     20803   323653   223169
     20804   323488   223084
     20805   323774   222890
     20806   323638   222835
     20807   323848   222906
     20808   323849   222914
     20809   323954   222780
     20810   323920   222676
     20811   323927   222669
     20812   324100   222855
     20813   324124   222793
     20814   324061   222956
     20815   323985   222868
     20816   324042   222887
     20817   324038   222929
     20818   324067   223114
     20819   323945   223050
     20820   323972   223068
     20821   323969   223446
     20822   324150   223145
     20823   324199   223046
     20824   324118   223012
     20825   324221   223057
     20826   322523   223918
     20827   322520   223912
     20828   322523   223926
     20829   322420   223966
     20830   322418   223934
     20831   322315   223955
     20832   322221   223981
     20833   322242   224035
     20834   322244   224053
     20835   322246   224059
     20836   322218   224058
     20837   322220   224066
     20839   322320   224008
     20840   323695   223666
     20841   323619   223703
     20842   323623   223707
     20843   323613   223701
     20844   323140   224032
     20845   323196   224031
     20846   323140   224001
     20847   323194   223999
     20848   323163   223958
     20849   323163   223973
     20850   323164   223953
     20851   323203   223911
     20852   323159   223945
     20853   323318   223990
     20854   323426   224365
     20855   323435   224335
     20856   323112   224338
     20857   323345   224000
     20858   323383   223863
     20859   323384   223867
     20860   323384   223858
     20861   323486   223874
     20862   323426   223983
     20863   323471   223997
     20864   323496   223854
     20865   323313   224034
     20866   323314   224181
     20867   323284   224180
     20868   323179   224208
     20869   323190   224225
     20870   323266   224180
     20872   323360   224266
     20873   323351   224275
     20874   323318   223944
     20875   323542   223772
     20876   323223   223849
     20877   323779   224605
     20878   323784   224593
     20879   323766   224597
     20880   323156   223972